[0]
[1(0), 2(0)/[3, 0, 20]\]
[3(1)/[-49, -2, -26]\, 4(1), 5(1)]
[6(4)/[11, -46, 8]\, 7(4), 8(5), 9(5)/[11, -13, 42]\]
[10(7)/[50, 17, 9]\, 11(7)/[-2, -16, -20]\, 12(8)/[-2, -48, 18]\, 13(8)/[8, 30, 29]\]
After 1 step:
[0]
[1(0), 2(0)/[3, 0, 20]\]
[3(1)/[-49, -2, -26]\, 4(1), 5(1)]
[6(4)/[11, -46, 8]\, 7(4)/[50, 17, 9]\, 8(5)/[8, 30, 29]\, 9(5)/[11, -13, 42]\]
[10(7)/[50, 17, 9]\, 11(7)/[-2, -16, -20]\, 12(8)/[-2, -48, 18]\, 13(8)/[8, 30, 29]\]
After 2 step:
[0]
[1(0), 2(0)/[3, 0, 20]\]
[3(1)/[-49, -2, -26]\, 4(1)/[50, 17, 9]\, 5(1)/[11, -13, 42]\]
[6(4)/[11, -46, 8]\, 7(4)/[50, 17, 9]\, 8(5)/[8, 30, 29]\, 9(5)/[11, -13, 42]\]
[10(7)/[50, 17, 9]\, 11(7)/[-2, -16, -20]\, 12(8)/[-2, -48, 18]\, 13(8)/[8, 30, 29]\]
After 3 step:
[0]
[1(0)/[50, 17, 9]\, 2(0)/[3, 0, 20]\]
[3(1)/[-49, -2, -26]\, 4(1)/[50, 17, 9]\, 5(1)/[11, -13, 42]\]
[6(4)/[11, -46, 8]\, 7(4)/[50, 17, 9]\, 8(5)/[8, 30, 29]\, 9(5)/[11, -13, 42]\]
[10(7)/[50, 17, 9]\, 11(7)/[-2, -16, -20]\, 12(8)/[-2, -48, 18]\, 13(8)/[8, 30, 29]\]
After 4 step:
[0/[50, 17, 9]\]
[1(0)/[50, 17, 9]\, 2(0)/[3, 0, 20]\]
[3(1)/[-49, -2, -26]\, 4(1)/[50, 17, 9]\, 5(1)/[11, -13, 42]\]
[6(4)/[11, -46, 8]\, 7(4)/[50, 17, 9]\, 8(5)/[8, 30, 29]\, 9(5)/[11, -13, 42]\]
[10(7)/[50, 17, 9]\, 11(7)/[-2, -16, -20]\, 12(8)/[-2, -48, 18]\, 13(8)/[8, 30, 29]\]
Game cost array: [50, 17, 9]
Winner is 1 player (50)
Path is [0, 1, 4, 7, 10]